terminal.serial.number = 549734FGA7389BG
terminal.model = IOT56
terminal.software.version = 1.90
terminal.latitude = -4.004861375242123 
terminal.longitude = 39.71311896789556

reporting.server.address=10.21.23.12
reporting.server.duration=120






